     0     0 8272.50716    0 4883 98742.0000 8272.50716  91.6%     -  125s
H    0     0                    24232.000000 8272.50716  65.9%     -  125s
H    0     0                    9333.0000000 8272.50716  11.4%     -  126s
H    0     0                    8704.0000000 8272.50716  4.96%     -  128s
H    0     0                    8697.0000000 8272.50716  4.88%     -  142s
     0     0 8272.50800    0 5295 8697.00000 8272.50800  4.88%     -  164s
H    0     0                    8403.0000000 8272.50800  1.55%     -  217s
     0     0 8274.71657    0 5258 8403.00000 8274.71657  1.53%     -  239s
     0     0 8274.72315    0 5131 8403.00000 8274.72315  1.53%     -  309s
     0     0 8274.72315    0 5109 8403.00000 8274.72315  1.53%     -  315s
     0     0 8280.81751    0 5115 8403.00000 8280.81751  1.45%     -  373s
     0     0 8280.81751    0 5303 8403.00000 8280.81751  1.45%     -  385s
     0     0 8280.83382    0 5231 8403.00000 8280.83382  1.45%     -  445s
     0     0 8280.83382    0 5231 8403.00000 8280.83382  1.45%     -  451s
     0     2 8280.83382    0 5231 8403.00000 8280.83382  1.45%     -  570s
     1     4 8280.83382    1 3738 8403.00000 8280.83382  1.45% 20720  614s
     3     8 8280.83382    2 3659 8403.00000 8280.83382  1.45% 18234  671s
     7    16 8285.10577    3 3702 8403.00000 8280.83704  1.45% 14080  750s
    15    32 8288.76444    4 3841 8403.00000 8285.11988  1.40% 20103 1148s
    31    44 8298.95186    5 3384 8403.00000 8288.79523  1.36% 23276 1237s
H   32    44                    8373.0000000 8288.79523  1.01% 22548 1237s
H   34    44                    8372.0000000 8288.79523  0.99% 21479 1237s
H   35    44                    8355.0000000 8288.79523  0.79% 20965 1237s
    47    36 8310.25670    6 3382 8355.00000 8288.79523  0.79% 16667 1302s
    63    28 8331.14392    6 1851 8355.00000 8288.79523  0.79% 12973 1348s
    79    16 8341.41369    7 1753 8355.00000 8288.79523  0.79% 10727 1363s
    95    13 8317.72977    7 3405 8355.00000 8288.79523  0.79%  9594 1406s
   108     6 8335.97299    8 3280 8355.00000 8288.79523  0.79%  9270 1468s
   119     2     cutoff    9      8355.00000 8288.79523  0.79%  8772 1505s
   123     2 8330.26834    5 1879 8355.00000 8330.26834  0.30%  8937 1574s
   125     4 8335.17147    6 1823 8355.00000 8330.28126  0.30%  9004 1585s
   127     2 8339.78631    7 2287 8355.00000 8335.21868  0.24%  8949 1595s
   131     2 8352.84813    8 2268 8355.00000 8339.82318  0.18%  8786 1615s